1:
  depot_signal_decay: 3.788840E+03
  depot_signal_rise: 8.634380E+01
  global_signal_decay: 2.324757E+02
  global_signal_rise: 1.332989E+01
  peak_delta_weight: 3.281300E+00
  pot_signal_decay: 6.895442E+02
  pot_signal_rise: 2.652854E+01
  rCM0: 2.406082E-01
  rCM_peak: 1.119321E-01
  rCM_th: 1.883083E-02
  rMC0: 1.063482E+00
  rMC_peak: 2.421847E-01
  rMC_th: 9.306402E-02
