1:
  global_signal_decay: 5.438590E+01
  global_signal_rise: 1.528224E+01
  k_dep: 1.009296E-02
  k_pot: 6.601044E+00
  local_signal_decay: 4.117672E+02
  local_signal_rise: 1.986963E+01
  peak_delta_weight: 2.425717E+00
