1:
  global_signal_decay: 327.9013424874619
  global_signal_rise: 33.10370285112559
  peak_delta_weight: 3.8584356046894137
  rCM0: 0.27166095889790975
  rMC0: 1.0627627534180737
  pot_signal_rise: 8.55238892503821
  pot_signal_decay: 917.3782517534474
  depot_signal_rise: 8.55238892503821
  depot_signal_decay: 917.3792517534475
