1:
  f_pot_half_width: 0.11296316145513469
  f_pot_th: 0.5686330734923888
  f_dep_th: 0.1076434715412024
  f_dep_half_width: 0.07220299358555889
  k_pot: 1.7016189397301658
  k_dep: 0.06417198237087404
  local_signal_decay: 1381.4889832033402
  global_signal_decay: 1264.9252232787333
  peak_delta_weight: 3.9759665228008845
