min_delta_weight: 0.
ramp_scaling_factor: 0.002956
global_signal_peak: 0.9259394464
initial_ramp_peak_val: 8.
target_peak_shift: -10.
induction_locs:
  1: 30.
  2: 90.
seed: 616898028
target_range:
  residuals: 0.1
  weights_smoothness: 0.01
  delta_min_val: 0.01
  delta_peak_val: 0.01
x0:
  global_signal_decay: 1.040013E+02
  local_signal_rise: 8.224696E+00
  rMC0: 7.934749E+00
  rMC_th: 4.765172E-01
  rMC_peak: 8.017565E-01
  global_signal_rise: 2.962309E+01
  peak_delta_weight: 2.194480E+00
  rCM0: 2.040759E+00
  local_signal_decay: 7.140006E+02
  rCM_min2: 2.893556E-02
  rCM_th1: 1.251136E-02
  rCM_th2: 9.703755E-01
  rCM_peak1: 9.686197E-01
  rCM_peak2: 3.283281E-01
